protectores={'sk_ld_10':[5.0,5.8,10.6,14.7,23.8,0.0,28.8,0.0,32.4,0.0,36.2],
            'sk_ld_18':[16.8,20.2,21.4,23.9,26.,0.0,29.7,0.0,34.4,0.0,37.5],
            'sk_ld_26':[24.6,27.8,26.,29.5,29.9,0.0,32.2,0.0,37.9,0.0,39.],
            'er_15':[0.0,15.7,14.6,12.6,13,0.0,12.4,0.0,12.2,0.0,16.8],
            'er_25':[0.0,22.2,22.,20.,20.4,0.0,20.1,0.0,20.4,0.0,25.1],
            'acs_pro_17':[0.0,17.94,17.92,15.95,15.85,0.0,14.73,0.0,17.4,0.0,16.58],
            'tres_m_1100':[2.61,28.1,28.9,32.2,33.1,0.0,35.4,0.0,43.8,0.0,40.],
            'tres_m_1281':[11.5,14.6,14.7,15.5,17.6,0.0,23.6,0.0,22.6,0.0,28.5],
            'tres_m_1310':[17.6,17.1,17.3,19.3,22.1,0.0,31.6,0.0,36.2,0.0,39.1],
            'tres_m_1430':[11.4,8.7,10.7,15.5,26.2,0.0,31.8,0.0,39.5,0.0,30.8],
            'tres_m_1435':[8.1,8.1,14.5,18.6,27.,0.0,25.,0.0,31.3,0.0,29.8],
            'tres_m_1445':[14.6,17.2,21.8,26.7,31.7,0.0,29.8,0.0,36.,0.0,37.7],
            'tres_m_1455':[10.8,16.4,20.7,25.1,31.1,0.0,29.9,0.0,35.5,0.0,37.],
            'bilsom_817':[8.1,12.4,21.2,25.,20.4,0.0,23.8,0.0,26.,0.0,28.4],
            'bilsom_818':[8.9,12.3,19.1,22.3,21.9,0.0,26.6,0.0,26.6,0.0,30.3],
            'hb_650':[15.5,16.6,23.3,31.4,36.4,0.0,32.1,0.0,40.6,0.0,33.7],
            'hb_5000':[0.0,17.7,23.6,34.8,37.3,0.0,34.1,33.8,40.2,39.,38.3]}
